function p = p(t,in2)
%P
%    P = P(T,IN2)

%    This function was generated by the Symbolic Math Toolbox version 5.10.
%    07-Apr-2017 13:57:53

theta1 = in2(1,:);
theta2 = in2(2,:);
theta3 = in2(3,:);
theta4 = in2(4,:);
theta5 = in2(5,:);
theta6 = in2(6,:);
theta7 = in2(7,:);
theta8 = in2(8,:);
theta9 = in2(9,:);
theta10 = in2(10,:);
theta11 = in2(11,:);
theta12 = in2(12,:);
theta13 = in2(13,:);
theta14 = in2(14,:);
theta15 = in2(15,:);
t2 = t-5.0;
t3 = t-5.0./2.0;
t4 = t-1.0e1;
t5 = t-1.5e1./2.0;
t6 = t.^2;
t17 = t6.*(8.0./2.5e1);
t7 = exp(-t17);
t8 = t2.^2;
t18 = t8.*(8.0./2.5e1);
t9 = exp(-t18);
t10 = t3.^2;
t19 = t10.*(8.0./2.5e1);
t11 = exp(-t19);
t12 = t4.^2;
t20 = t12.*(8.0./2.5e1);
t13 = exp(-t20);
t14 = t5.^2;
t21 = t14.*(8.0./2.5e1);
t15 = exp(-t21);
t23 = t7.*theta1;
t24 = t9.*theta3;
t25 = t11.*theta2;
t26 = t13.*theta5;
t27 = t15.*theta4;
t16 = t23+t24+t25+t26+t27;
t22 = t7+t9+t11+t13+t15;
t29 = 1.0./t22;
t30 = t16.*t29;
t28 = t30-5.0;
t31 = t30-5.0./2.0;
t32 = t30-1.0e1;
t33 = t30-1.5e1./2.0;
t34 = t28.^2;
t46 = t34.*(8.0./2.5e1);
t35 = exp(-t46);
t36 = t31.^2;
t47 = t36.*(8.0./2.5e1);
t37 = exp(-t47);
t38 = t32.^2;
t48 = t38.*(8.0./2.5e1);
t39 = exp(-t48);
t40 = t33.^2;
t49 = t40.*(8.0./2.5e1);
t41 = exp(-t49);
t42 = 1.0./t22.^2;
t43 = t16.^2;
t45 = t42.*t43.*(8.0./2.5e1);
t44 = exp(-t45);
t50 = t7+t9+t11+t13+t15+t35+t37+t39+t41+t44;
t51 = 1.0./t50;
p = [t51.*(t35.*theta8+t37.*theta7+t39.*theta10+t41.*theta9+t44.*theta6)-1.20249695321353e-1;-6.809997198421031e-2;t51.*(t35.*theta13+t37.*theta12+t39.*theta15+t41.*theta14+t44.*theta11)+3.69603821651986e-1];
