function pd = pd(t,in2)
%PD
%    PD = PD(T,IN2)

%    This function was generated by the Symbolic Math Toolbox version 5.10.
%    07-Apr-2017 13:57:57

theta1 = in2(1,:);
theta2 = in2(2,:);
theta3 = in2(3,:);
theta4 = in2(4,:);
theta5 = in2(5,:);
theta6 = in2(6,:);
theta7 = in2(7,:);
theta8 = in2(8,:);
theta9 = in2(9,:);
theta10 = in2(10,:);
theta11 = in2(11,:);
theta12 = in2(12,:);
theta13 = in2(13,:);
theta14 = in2(14,:);
theta15 = in2(15,:);
t2 = t-5.0;
t3 = t-5.0./2.0;
t4 = t-1.0e1;
t5 = t-1.5e1./2.0;
t6 = t.^2;
t17 = t6.*(8.0./2.5e1);
t7 = exp(-t17);
t8 = t2.^2;
t19 = t8.*(8.0./2.5e1);
t9 = exp(-t19);
t10 = t3.^2;
t18 = t10.*(8.0./2.5e1);
t11 = exp(-t18);
t12 = t4.^2;
t22 = t12.*(8.0./2.5e1);
t13 = exp(-t22);
t14 = t5.^2;
t21 = t14.*(8.0./2.5e1);
t15 = exp(-t21);
t25 = t7.*theta1;
t26 = t9.*theta3;
t27 = t11.*theta2;
t28 = t13.*theta5;
t29 = t15.*theta4;
t16 = t25+t26+t27+t28+t29;
t20 = t.*(1.6e1./2.5e1);
t23 = t7+t9+t11+t13+t15;
t24 = 1.0./t23.^2;
t30 = t20-8.0./5.0;
t31 = t20-1.6e1./5.0;
t32 = t20-2.4e1./5.0;
t33 = t20-3.2e1./5.0;
t34 = t16.^2;
t42 = 1.0./t23;
t49 = t16.*t42;
t35 = t49-5.0;
t36 = t.*t7.*theta1.*(1.6e1./2.5e1);
t37 = t11.*t30.*theta2;
t38 = t9.*t31.*theta3;
t39 = t15.*t32.*theta4;
t40 = t13.*t33.*theta5;
t41 = t36+t37+t38+t39+t40;
t43 = t.*t7.*(1.6e1./2.5e1);
t44 = t11.*t30;
t45 = t9.*t31;
t46 = t15.*t32;
t47 = t13.*t33;
t48 = t43+t44+t45+t46+t47;
t50 = t49-5.0./2.0;
t51 = t41.*t42;
t54 = t16.*t24.*t48;
t52 = t51-t54;
t53 = t49-1.0e1;
t55 = t49-1.5e1./2.0;
t56 = t35.^2;
t66 = t56.*(8.0./2.5e1);
t57 = exp(-t66);
t58 = t50.^2;
t67 = t58.*(8.0./2.5e1);
t59 = exp(-t67);
t60 = t53.^2;
t68 = t60.*(8.0./2.5e1);
t61 = exp(-t68);
t62 = t55.^2;
t69 = t62.*(8.0./2.5e1);
t63 = exp(-t69);
t65 = t24.*t34.*(8.0./2.5e1);
t64 = exp(-t65);
t70 = 1.0./t23.^3;
t73 = t16.*t24.*t41.*(1.6e1./2.5e1);
t74 = t34.*t48.*t70.*(1.6e1./2.5e1);
t71 = t73-t74;
t72 = t7+t9+t11+t13+t15+t57+t59+t61+t63+t64;
t75 = 1.0./t72;
t76 = t43+t44+t45+t46+t47-t64.*t71-t35.*t52.*t57.*(1.6e1./2.5e1)-t50.*t52.*t59.*(1.6e1./2.5e1)-t52.*t53.*t61.*(1.6e1./2.5e1)-t52.*t55.*t63.*(1.6e1./2.5e1);
t77 = 1.0./t72.^2;
pd = [t75.*(t64.*t71.*theta6+t35.*t52.*t57.*theta8.*(1.6e1./2.5e1)+t50.*t52.*t59.*theta7.*(1.6e1./2.5e1)+t52.*t53.*t61.*theta10.*(1.6e1./2.5e1)+t52.*t55.*t63.*theta9.*(1.6e1./2.5e1))+t76.*t77.*(t57.*theta8+t59.*theta7+t64.*theta6+t61.*theta10+t63.*theta9);0.0;t75.*(t64.*t71.*theta11+t35.*t52.*t57.*theta13.*(1.6e1./2.5e1)+t50.*t52.*t59.*theta12.*(1.6e1./2.5e1)+t52.*t53.*t61.*theta15.*(1.6e1./2.5e1)+t52.*t55.*t63.*theta14.*(1.6e1./2.5e1))+t76.*t77.*(t57.*theta13+t59.*theta12+t64.*theta11+t61.*theta15+t63.*theta14)];
