function pdd = pdd(t,in2)
%PDD
%    PDD = PDD(T,IN2)

%    This function was generated by the Symbolic Math Toolbox version 5.10.
%    07-Apr-2017 13:58:32

theta1 = in2(1,:);
theta2 = in2(2,:);
theta3 = in2(3,:);
theta4 = in2(4,:);
theta5 = in2(5,:);
theta6 = in2(6,:);
theta7 = in2(7,:);
theta8 = in2(8,:);
theta9 = in2(9,:);
theta10 = in2(10,:);
theta11 = in2(11,:);
theta12 = in2(12,:);
theta13 = in2(13,:);
theta14 = in2(14,:);
theta15 = in2(15,:);
t2 = t-5.0;
t3 = t-5.0./2.0;
t4 = t-1.0e1;
t5 = t-1.5e1./2.0;
t6 = t.^2;
t17 = t6.*(8.0./2.5e1);
t7 = exp(-t17);
t8 = t2.^2;
t18 = t8.*(8.0./2.5e1);
t9 = exp(-t18);
t10 = t3.^2;
t19 = t10.*(8.0./2.5e1);
t11 = exp(-t19);
t12 = t4.^2;
t20 = t12.*(8.0./2.5e1);
t13 = exp(-t20);
t14 = t5.^2;
t21 = t14.*(8.0./2.5e1);
t15 = exp(-t21);
t22 = t7+t9+t11+t13+t15;
t23 = 1.0./t22;
t24 = t7.*theta1;
t25 = t9.*theta3;
t26 = t11.*theta2;
t27 = t13.*theta5;
t28 = t15.*theta4;
t29 = t24+t25+t26+t27+t28;
t30 = t23.*t29;
t16 = t30-5.0;
t31 = t30-5.0./2.0;
t32 = t30-1.0e1;
t33 = t30-1.5e1./2.0;
t34 = 1.0./t22.^2;
t35 = t29.^2;
t59 = t34.*t35.*(8.0./2.5e1);
t36 = exp(-t59);
t37 = t.*(1.6e1./2.5e1);
t39 = t37-8.0./5.0;
t40 = t37-1.6e1./5.0;
t41 = t37-2.4e1./5.0;
t42 = t37-3.2e1./5.0;
t48 = t.*t7.*theta1.*(1.6e1./2.5e1);
t49 = t11.*t39.*theta2;
t50 = t9.*t40.*theta3;
t51 = t15.*t41.*theta4;
t52 = t13.*t42.*theta5;
t38 = t48+t49+t50+t51+t52;
t43 = t39.^2;
t44 = t40.^2;
t45 = t41.^2;
t46 = t42.^2;
t54 = t.*t7.*(1.6e1./2.5e1);
t55 = t11.*t39;
t56 = t9.*t40;
t57 = t15.*t41;
t58 = t13.*t42;
t47 = t54+t55+t56+t57+t58;
t53 = 1.0./t22.^3;
t106 = t29.*t34.*t38.*(1.6e1./2.5e1);
t107 = t35.*t47.*t53.*(1.6e1./2.5e1);
t60 = t106-t107;
t61 = t16.^2;
t73 = t61.*(8.0./2.5e1);
t62 = exp(-t73);
t66 = t23.*t38;
t67 = t29.*t34.*t47;
t63 = t66-t67;
t64 = t31.^2;
t74 = t64.*(8.0./2.5e1);
t65 = exp(-t74);
t68 = t63.^2;
t69 = t32.^2;
t75 = t69.*(8.0./2.5e1);
t70 = exp(-t75);
t71 = t33.^2;
t76 = t71.*(8.0./2.5e1);
t72 = exp(-t76);
t77 = t7.*theta1.*(1.6e1./2.5e1);
t78 = t9.*theta3.*(1.6e1./2.5e1);
t79 = t11.*theta2.*(1.6e1./2.5e1);
t80 = t13.*theta5.*(1.6e1./2.5e1);
t81 = t15.*theta4.*(1.6e1./2.5e1);
t90 = t6.*t7.*theta1.*(2.56e2./6.25e2);
t91 = t11.*t43.*theta2;
t92 = t9.*t44.*theta3;
t93 = t15.*t45.*theta4;
t94 = t13.*t46.*theta5;
t82 = t77+t78+t79+t80+t81-t90-t91-t92-t93-t94;
t83 = t7.*(1.6e1./2.5e1);
t84 = t9.*(1.6e1./2.5e1);
t85 = t11.*(1.6e1./2.5e1);
t86 = t13.*(1.6e1./2.5e1);
t87 = t15.*(1.6e1./2.5e1);
t96 = t6.*t7.*(2.56e2./6.25e2);
t97 = t11.*t43;
t98 = t9.*t44;
t99 = t15.*t45;
t100 = t13.*t46;
t88 = t83+t84+t85+t86+t87-t96-t97-t98-t99-t100;
t89 = t47.^2;
t95 = t23.*t82;
t101 = t34.*t38.*t47.*2.0;
t103 = t29.*t34.*t88;
t104 = t29.*t53.*t89.*2.0;
t102 = t95+t101-t103-t104;
t105 = t7+t9+t11+t13+t15+t36+t62+t65+t70+t72;
t108 = t60.^2;
t109 = t38.^2;
t110 = t34.*t109.*(1.6e1./2.5e1);
t111 = t35.*t53.*t88.*(1.6e1./2.5e1);
t112 = 1.0./t22.^4;
t113 = t35.*t89.*t112.*(4.8e1./2.5e1);
t129 = t29.*t34.*t82.*(1.6e1./2.5e1);
t130 = t29.*t38.*t47.*t53.*(6.4e1./2.5e1);
t114 = t110+t111+t113-t129-t130;
t115 = t36.*theta6;
t116 = t62.*theta8;
t117 = t65.*theta7;
t118 = t70.*theta10;
t119 = t72.*theta9;
t120 = t115+t116+t117+t118+t119;
t122 = t36.*t60;
t123 = t16.*t62.*t63.*(1.6e1./2.5e1);
t124 = t31.*t63.*t65.*(1.6e1./2.5e1);
t125 = t32.*t63.*t70.*(1.6e1./2.5e1);
t126 = t33.*t63.*t72.*(1.6e1./2.5e1);
t121 = t54+t55+t56+t57+t58-t122-t123-t124-t125-t126;
t127 = 1.0./t105.^2;
t128 = 1.0./t105;
t131 = t36.*t108;
t132 = t16.*t62.*t102.*(1.6e1./2.5e1);
t133 = t31.*t65.*t102.*(1.6e1./2.5e1);
t134 = t32.*t70.*t102.*(1.6e1./2.5e1);
t135 = t33.*t72.*t102.*(1.6e1./2.5e1);
t136 = t61.*t62.*t68.*(2.56e2./6.25e2);
t137 = t64.*t65.*t68.*(2.56e2./6.25e2);
t138 = t68.*t69.*t70.*(2.56e2./6.25e2);
t139 = t68.*t71.*t72.*(2.56e2./6.25e2);
t140 = -t83-t84-t85-t86-t87+t96+t97+t98+t99+t100+t131+t132+t133+t134+t135+t136+t137+t138+t139-t62.*t68.*(1.6e1./2.5e1)-t65.*t68.*(1.6e1./2.5e1)-t68.*t70.*(1.6e1./2.5e1)-t68.*t72.*(1.6e1./2.5e1)-t36.*t114;
t141 = t36.*theta11;
t142 = t62.*theta13;
t143 = t65.*theta12;
t144 = t70.*theta15;
t145 = t72.*theta14;
t146 = t141+t142+t143+t144+t145;
t147 = t121.^2;
t148 = 1.0./t105.^3;
pdd = [t128.*(t62.*t68.*theta8.*(-1.6e1./2.5e1)-t65.*t68.*theta7.*(1.6e1./2.5e1)-t68.*t70.*theta10.*(1.6e1./2.5e1)-t68.*t72.*theta9.*(1.6e1./2.5e1)+t36.*t108.*theta6-t36.*t114.*theta6+t16.*t62.*t102.*theta8.*(1.6e1./2.5e1)+t61.*t62.*t68.*theta8.*(2.56e2./6.25e2)+t64.*t65.*t68.*theta7.*(2.56e2./6.25e2)+t31.*t65.*t102.*theta7.*(1.6e1./2.5e1)+t32.*t70.*t102.*theta10.*(1.6e1./2.5e1)+t33.*t72.*t102.*theta9.*(1.6e1./2.5e1)+t68.*t69.*t70.*theta10.*(2.56e2./6.25e2)+t68.*t71.*t72.*theta9.*(2.56e2./6.25e2))+t121.*t127.*(t36.*t60.*theta6+t16.*t62.*t63.*theta8.*(1.6e1./2.5e1)+t31.*t63.*t65.*theta7.*(1.6e1./2.5e1)+t32.*t63.*t70.*theta10.*(1.6e1./2.5e1)+t33.*t63.*t72.*theta9.*(1.6e1./2.5e1)).*2.0-t120.*t127.*t140+t120.*t147.*t148.*2.0;0.0;t128.*(t62.*t68.*theta13.*(-1.6e1./2.5e1)-t65.*t68.*theta12.*(1.6e1./2.5e1)-t68.*t70.*theta15.*(1.6e1./2.5e1)-t68.*t72.*theta14.*(1.6e1./2.5e1)+t36.*t108.*theta11-t36.*t114.*theta11+t16.*t62.*t102.*theta13.*(1.6e1./2.5e1)+t61.*t62.*t68.*theta13.*(2.56e2./6.25e2)+t64.*t65.*t68.*theta12.*(2.56e2./6.25e2)+t31.*t65.*t102.*theta12.*(1.6e1./2.5e1)+t32.*t70.*t102.*theta15.*(1.6e1./2.5e1)+t33.*t72.*t102.*theta14.*(1.6e1./2.5e1)+t68.*t69.*t70.*theta15.*(2.56e2./6.25e2)+t68.*t71.*t72.*theta14.*(2.56e2./6.25e2))+t121.*t127.*(t36.*t60.*theta11+t16.*t62.*t63.*theta13.*(1.6e1./2.5e1)+t31.*t63.*t65.*theta12.*(1.6e1./2.5e1)+t32.*t63.*t70.*theta15.*(1.6e1./2.5e1)+t33.*t63.*t72.*theta14.*(1.6e1./2.5e1)).*2.0-t127.*t140.*t146+t146.*t147.*t148.*2.0];
